18.0 16.375 3.75 7.0 28.375 28.375 17.0 27.5 15.0 9.875 13.125 25.75 18.375 17.75 8.125 28.125 19.25 18.5 20.5 13.625 0.0 18.25 15.25 7.75 7.0 12.75 8.875 27.0 27.0 16.875 3.5 12.875 11.0 3.125 25.5 24.25 6.0 17.75 8.5 30.75 7.75 29.5 31.0 2.75 6.5 19.625 28.125 27.875 26.5 6.125 30.625 3.75 3.875 14.125 5.625 12.5 3.75 7.875 4.625 1.75 13.125 3.125 14.375 2.5
0.5 12.125 17.25 26.5 31.25 13.25 7.5 19.875 4.375 23.0 12.625 27.125 14.375 14.375 19.125 4.375 18.875 2.125 27.25 23.125 13.5 14.75 26.5 20.375 6.5 9.875 15.875 18.0 30.875 23.125 22.125 0.125 6.375 16.625 4.625 7.25 4.625 9.75 24.5 27.875 16.0 31.75 22.375 23.75 26.0 15.125 0.625 1.625 22.125 9.5 18.25 30.875 13.875 26.375 10.375 29.875 26.5 28.375 9.0 2.875 5.625 30.0 26.375 0.5
18.5 12.875 29.625 0.75 3.25 24.75 3.375 3.0 13.0 24.75 3.5 11.625 19.875 10.125 21.875 29.875 29.25 29.25 14.0 24.875 16.125 8.625 21.75 1.0 10.625 15.875 8.625 9.0 19.0 2.0 6.625 3.375 24.5 31.0 22.0 13.875 27.125 23.25 21.0 10.0 2.25 2.75 11.125 3.5 18.25 7.375 26.375 1.75 14.0 26.375 21.125 23.25 29.125 31.0 3.5 31.5 27.75 22.875 4.875 8.875 29.375 17.5 5.375 27.5
17.125 26.0 1.875 4.25 3.375 31.375 4.875 14.75 24.375 4.875 27.625 27.625 3.625 1.625 8.875 26.125 5.75 31.625 29.375 25.75 11.625 8.625 18.375 31.0 7.625 9.75 2.375 20.375 31.25 4.5 3.125 5.5 31.625 28.125 29.625 9.625 25.625 5.625 1.875 9.375 14.25 7.125 29.0 9.375 8.875 5.25 9.0 23.125 16.375 17.125 10.875 6.0 0.125 12.75 31.875 15.625 2.0 5.0 3.125 16.375 3.875 21.125 31.625 7.25
8.375 28.625 19.25 16.75 0.75 17.875 29.75 23.375 24.5 15.625 25.875 30.625 23.125 25.75 12.625 6.375 9.25 6.75 2.0 28.0 15.875 8.75 25.875 15.125 26.75 8.0 22.625 12.75 25.625 19.25 11.375 16.625 11.875 31.375 4.125 0.625 11.375 10.875 20.625 2.5 9.625 21.375 19.0 18.75 22.125 14.25 30.375 31.5 23.875 10.5 3.75 2.625 6.5 6.25 0.5 13.25 13.0 27.75 0.125 25.375 30.625 24.0 25.625 3.125
18.625 1.0 9.5 4.0 11.125 26.875 15.375 9.875 7.875 21.0 2.625 30.0 15.125 27.875 4.25 25.375 3.125 9.25 24.5 18.75 29.0 9.375 0.0 13.875 19.25 28.75 0.375 22.375 15.75 10.875 4.375 10.0 10.0 3.375 26.875 31.5 21.125 15.625 7.75 31.375 11.125 23.375 23.375 28.0 18.25 15.75 22.375 17.75 5.125 0.125 0.25 19.0 21.125 6.125 28.125 25.75 11.0 26.75 31.375 27.25 15.25 30.875 27.625 11.0
10.0 17.625 12.25 29.25 23.25 23.75 10.875 15.5 7.625 17.25 13.625 9.25 27.25 1.125 31.625 3.625 25.125 0.5 26.375 4.5 14.375 22.875 8.25 17.0 18.75 20.0 17.25 3.0 3.0 25.25 26.5 4.625 8.75 21.375 27.25 28.875 2.875 12.75 7.625 27.5 11.0 1.75 3.375 5.5 23.5 2.625 0.75 1.25 31.75 12.75 23.375 0.75 15.25 27.25 15.375 30.25 22.875 9.375 22.25 25.75 19.5 5.625 22.75 16.5
3.25 23.625 16.125 10.875 19.0 26.5 21.625 11.875 4.375 7.875 19.75 23.5 2.125 0.75 15.625 1.875 7.625 5.5 16.375 20.75 9.625 4.875 27.75 14.125 23.75 26.375 21.375 25.0 5.875 9.0 10.5 0.875 31.75 2.625 2.875 21.0 1.625 29.375 30.125 15.5 5.25 8.875 30.125 4.75 25.625 23.0 25.125 5.375 6.375 23.625 19.5 19.5 7.625 30.0 26.5 23.625 17.875 23.875 23.25 21.125 10.0 23.875 16.25 3.25
15.25 11.75 18.0 0.0 16.125 30.75 7.875 17.0 5.875 23.75 22.75 5.0 16.875 0.875 10.125 12.25 10.875 20.25 12.25 23.25 26.0 28.875 21.5 26.25 14.75 9.25 19.625 11.75 4.375 26.75 9.25 24.0 26.625 15.625 25.375 14.125 18.0 12.0 26.125 1.375 25.0 6.375 24.0 0.125 12.5 10.75 7.25 20.0 15.75 17.5 3.0 2.375 5.875 26.25 18.375 24.25 9.375 9.375 31.375 2.5 8.25 5.75 29.75 2.0
10.875 5.0 7.625 13.0 22.125 6.5 28.75 29.0 3.25 13.0 19.875 0.5 1.375 26.5 11.125 4.75 22.0 5.5 5.5 4.625 0.625 7.0 10.125 17.0 13.125 27.25 29.625 14.875 12.375 3.375 27.125 28.5 10.125 26.0 24.625 13.875 30.375 24.625 28.25 6.625 28.5 2.75 19.875 28.0 20.625 9.125 30.625 26.875 18.375 6.25 26.5 0.75 14.625 22.875 16.875 28.125 15.375 17.375 6.125 11.625 10.25 23.25 25.25 29.375
31.375 15.625 0.125 7.0 4.875 0.125 13.25 31.125 19.125 10.25 23.0 22.75 2.75 0.625 2.625 8.875 0.0 19.375 28.125 23.125 23.5 6.125 6.625 2.875 3.0 17.5 25.75 1.875 18.5 28.375 15.875 16.25 28.875 23.75 10.5 16.0 24.375 20.125 17.5 2.5 14.125 26.875 30.25 26.125 2.5 12.625 25.5 18.875 16.875 25.875 16.0 19.0 4.875 29.5 18.5 5.625 3.375 17.375 3.25 30.375 28.375 17.375 26.875 18.375
5.5 12.625 29.625 7.5 14.625 6.5 13.375 25.0 13.5 10.625 11.375 26.0 9.875 7.0 6.625 17.0 19.125 13.125 3.375 19.5 3.75 14.375 23.75 18.75 20.375 14.875 5.125 18.875 12.0 26.625 24.5 2.0 13.125 20.5 21.625 11.125 20.625 21.875 23.0 18.25 18.5 26.0 27.625 8.25 23.0 26.5 19.0 23.5 16.375 6.25 8.875 10.625 6.125 30.0 26.625 10.625 21.5 27.25 17.5 21.875 14.625 4.0 23.625 6.375
2.75 12.375 11.5 30.0 27.375 2.5 9.75 24.75 12.625 18.625 11.625 14.5 19.875 1.25 9.5 9.125 2.75 25.875 14.125 1.0 28.625 7.25 8.125 2.0 7.125 26.75 13.875 3.375 1.75 5.625 7.875 30.25 15.375 3.375 10.0 29.375 21.125 22.0 0.375 19.5 5.375 22.25 18.875 29.375 30.5 7.0 13.0 12.75 1.375 26.0 1.25 1.875 2.625 4.0 29.5 16.125 13.625 5.875 6.5 17.5 27.875 3.875 22.875 2.875
19.875 13.0 30.375 6.75 22.125 26.75 15.625 16.75 7.5 31.125 27.625 14.625 27.875 8.625 26.0 7.875 28.125 27.0 7.75 23.5 22.625 7.375 6.875 26.5 9.625 29.75 2.125 7.875 21.625 22.125 10.25 4.0 9.75 23.375 8.0 4.75 29.625 13.25 26.0 23.375 6.5 26.75 6.25 14.375 26.125 7.25 18.25 30.625 5.625 24.125 5.875 25.125 4.0 21.875 11.375 0.625 9.625 13.5 18.875 10.0 6.5 26.375 25.0 4.25
22.625 19.375 30.375 22.5 0.125 3.5 23.875 10.0 30.5 1.375 23.5 23.375 27.125 30.5 6.875 10.375 12.625 1.125 22.375 11.125 10.875 3.5 22.125 12.875 25.0 20.625 5.625 4.25 22.25 31.0 27.125 12.125 30.875 31.75 18.125 9.375 5.375 19.0 29.25 27.75 4.25 9.875 3.125 24.5 3.875 20.25 1.0 22.125 24.5 23.625 27.625 30.5 11.0 6.625 10.0 30.75 27.75 10.375 7.125 13.375 4.625 1.625 25.5 19.5
0.25 10.75 2.75 9.0 6.375 29.25 13.0 2.125 26.0 21.25 9.875 7.375 26.75 31.0 17.125 6.375 6.5 6.25 29.125 8.125 4.25 23.75 21.125 20.375 17.0 19.0 22.125 4.0 19.25 3.375 20.375 13.5 18.25 27.5 1.375 27.5 0.875 2.375 3.5 29.125 4.75 29.5 29.875 1.875 17.75 4.125 9.875 30.0 7.25 5.25 2.625 30.5 24.875 29.75 22.25 3.625 20.375 4.375 5.625 23.625 23.25 24.875 1.0 28.625
21.125 10.125 26.0 31.0 4.25 13.875 0.5 6.25 23.625 26.75 1.75 11.625 2.875 22.25 5.625 1.375 18.625 25.375 6.125 9.25 15.75 27.5 2.5 31.125 14.375 9.0 8.0 3.625 6.375 8.5 20.25 19.75 28.125 18.875 4.0 8.0 4.75 1.375 29.375 24.125 3.5 13.5 4.0 25.25 5.625 0.125 24.875 4.5 26.875 17.375 8.5 1.125 14.0 14.75 27.0 13.875 8.125 17.125 17.875 27.5 10.875 10.125 31.625 10.75
21.875 8.625 5.375 22.875 15.75 18.0 8.875 6.0 17.125 18.125 11.75 28.625 6.125 1.5 22.0 19.75 22.25 9.125 23.5 4.125 2.625 22.125 17.25 5.375 19.625 11.5 16.75 14.75 13.75 21.0 2.0 17.125 21.875 31.375 25.375 31.25 11.875 29.75 20.25 12.75 17.75 2.875 26.375 17.75 27.25 7.5 14.375 18.625 31.5 28.75 3.625 26.875 4.125 29.875 27.75 19.375 5.875 13.5 19.25 5.0 7.875 19.625 7.25 7.625
29.5 24.25 0.25 10.5 4.25 24.75 6.5 18.25 3.875 4.625 6.25 15.625 4.625 10.0 21.625 30.75 27.375 28.25 25.125 29.5 4.75 14.125 13.0 28.25 11.125 23.25 29.875 7.625 7.75 28.25 22.5 6.875 30.75 7.125 11.75 13.625 6.5 19.625 26.375 24.25 19.875 29.25 7.5 7.5 18.5 30.0 26.625 15.375 30.25 1.375 8.75 6.75 19.75 8.375 26.25 8.375 17.625 11.75 17.125 11.375 26.0 15.5 29.75 23.5
5.75 20.25 23.5 14.125 3.75 30.5 29.875 24.75 7.25 14.5 29.125 20.625 14.875 10.0 16.75 28.625 17.25 26.5 14.875 2.125 19.25 26.375 7.75 21.0 8.375 16.625 31.0 28.125 4.375 23.5 31.75 21.75 3.625 12.25 20.375 0.625 1.875 16.875 8.0 26.25 31.375 20.25 9.875 25.125 9.5 20.25 31.875 15.5 8.5 9.75 21.0 20.375 5.125 24.375 15.125 8.75 25.5 23.75 24.875 17.5 2.5 16.625 5.375 27.125
17.625 31.625 10.5 13.75 26.25 30.875 6.0 11.375 12.0 5.5 16.125 7.25 24.25 17.375 7.5 9.375 26.125 27.625 7.0 20.875 9.75 8.0 0.0 19.25 19.625 8.625 18.0 16.125 15.25 30.375 6.0 8.5 24.25 16.25 28.875 7.5 18.375 12.25 31.75 15.125 24.5 7.5 24.75 27.375 1.625 23.625 13.375 27.25 1.375 20.75 19.875 13.125 29.625 26.0 18.875 29.5 0.625 24.0 30.875 4.0 2.75 19.5 28.875 10.125
1.875 2.75 13.875 22.75 29.875 29.875 6.125 8.75 24.25 15.625 31.0 14.875 13.25 8.125 24.375 31.75 7.5 3.875 22.625 21.875 0.25 0.75 3.875 14.125 1.5 11.5 26.75 22.125 28.75 28.0 25.0 25.75 2.375 14.625 5.75 4.875 1.875 13.625 6.875 8.0 13.875 22.25 2.5 7.125 29.875 16.875 14.375 7.0 22.25 16.0 21.0 19.375 9.5 22.375 11.875 13.5 15.0 10.875 28.875 4.0 14.375 9.625 11.375 1.125
4.0 8.625 22.25 19.375 17.875 5.25 31.875 16.25 9.625 10.125 29.0 8.75 21.25 2.0 17.875 7.5 17.125 4.75 21.125 8.5 1.375 9.125 7.75 17.5 28.125 28.5 16.0 2.75 16.375 3.75 9.125 29.875 8.5 29.75 5.625 27.375 22.875 0.125 23.625 7.25 27.5 24.5 2.875 25.375 31.875 9.375 12.5 15.25 2.125 26.25 11.0 22.75 16.625 11.875 28.25 4.25 1.5 12.125 15.5 8.75 27.125 2.125 1.25 30.375
22.375 7.75 15.75 10.375 24.375 25.875 3.5 26.375 24.875 9.625 14.0 8.375 5.5 15.625 21.125 23.125 15.125 15.0 18.375 7.625 8.625 27.875 26.625 3.125 23.375 20.125 11.375 6.875 3.25 23.875 9.125 17.375 26.375 23.75 14.25 13.5 12.875 14.625 2.0 10.0 12.0 0.5 21.5 18.625 0.625 14.5 16.25 21.5 1.0 1.125 10.75 25.75 31.125 1.0 31.75 25.375 3.0 6.875 2.0 4.75 23.375 2.875 28.375 9.625
11.625 12.5 18.75 15.25 28.375 15.5 22.25 4.5 18.125 19.125 3.875 2.25 16.25 31.625 30.875 7.0 31.0 29.125 31.25 30.75 7.0 12.625 16.5 18.125 7.625 4.125 9.875 7.875 31.0 4.25 9.375 9.375 9.5 30.25 1.625 20.5 31.125 30.625 6.5 2.625 1.625 26.75 24.875 2.5 4.125 16.375 26.5 27.25 28.0 12.25 22.625 8.625 26.125 22.625 5.25 28.25 12.875 2.375 30.75 14.875 16.625 27.875 13.0 23.75
9.0 12.625 7.125 25.375 5.25 29.75 9.625 22.125 4.0 16.625 27.5 9.25 0.375 27.875 10.625 17.125 11.375 23.5 27.75 9.5 6.5 11.625 28.875 18.75 14.125 30.5 13.125 2.125 15.5 11.125 30.25 31.25 10.875 18.875 9.25 28.625 25.0 25.125 20.5 14.0 20.5 30.0 9.0 22.625 4.875 26.0 24.125 13.75 21.375 11.375 24.0 19.125 10.0 5.375 6.625 24.625 6.125 22.625 30.0 22.75 13.125 10.0 4.875 7.25
15.5 18.25 24.0 0.5 18.25 22.5 6.75 22.5 31.625 31.25 4.625 3.0 19.75 4.125 22.5 31.375 7.375 22.625 10.375 7.125 12.875 23.875 18.625 3.75 23.5 23.25 23.875 5.0 21.0 16.0 27.25 18.5 5.875 26.5 29.25 5.25 28.375 30.75 14.375 22.625 20.75 15.75 17.375 7.375 19.0 17.625 15.875 25.125 10.25 15.375 16.5 21.25 15.25 3.5 28.375 13.125 7.625 16.0 27.125 25.625 6.875 12.375 24.0 24.625
10.25 20.25 14.125 28.25 16.5 10.375 16.25 22.25 13.0 23.75 7.25 24.0 31.875 14.75 5.875 29.25 28.625 14.75 13.75 28.5 29.5 16.375 19.75 0.0 19.25 5.25 12.25 12.125 11.625 29.875 13.0 19.5 22.75 24.75 11.375 14.375 21.0 23.0 17.75 13.875 18.875 9.375 29.375 2.625 17.125 1.375 4.875 6.375 2.0 14.125 0.125 0.875 8.25 4.5 15.125 27.25 7.625 0.875 30.5 29.625 4.25 7.75 2.125 13.0
22.375 21.875 14.125 25.0 18.625 8.0 23.5 12.75 10.75 23.5 28.875 26.625 11.75 19.5 29.75 3.125 26.0 24.875 28.125 22.5 20.375 14.0 13.875 23.25 8.125 0.625 10.125 8.125 0.0 19.875 13.0 8.75 8.5 7.375 14.0 3.25 10.125 24.0 29.5 31.125 21.0 18.75 31.375 30.125 6.375 26.625 3.125 1.625 24.125 17.0 4.25 15.25 10.875 10.625 20.75 26.125 29.75 13.25 30.0 11.75 10.125 19.0 24.875 12.625
9.5 2.25 14.375 1.875 25.0 11.625 2.25 13.375 8.625 9.625 5.375 24.25 0.125 14.875 19.625 10.375 12.25 22.375 3.25 19.625 4.0 31.0 11.0 16.0 22.875 13.875 31.125 26.75 12.25 7.125 14.25 23.375 27.875 7.125 23.875 26.125 21.375 8.5 1.75 0.125 26.0 25.875 2.25 10.125 1.875 20.125 30.875 26.625 29.0 16.0 23.25 12.0 7.875 20.875 19.25 20.0 29.125 5.875 0.25 2.125 29.875 15.875 20.375 16.125
26.875 28.75 22.375 15.0 23.125 30.875 23.625 6.625 28.25 27.875 5.75 24.25 24.0 11.875 17.0 16.5 27.75 17.0 0.125 0.0 31.625 17.0 8.75 16.125 5.125 3.125 9.875 24.375 8.5 19.5 29.625 6.375 9.125 14.125 15.125 2.25 30.0 30.375 17.875 6.75 18.25 26.625 22.5 4.75 29.375 30.375 23.5 8.625 22.25 20.0 31.5 18.0 13.0 2.25 21.25 23.75 16.625 18.375 24.125 16.875 12.5 19.125 6.0 11.0
0.375 29.25 1.125 0.25 27.125 18.875 15.875 10.125 2.375 7.75 9.5 24.0 11.0 11.75 4.0 1.5 0.0 27.125 14.375 21.25 13.75 0.25 4.75 4.25 12.5 16.75 13.75 29.875 29.5 22.5 18.875 8.25 12.75 22.5 27.5 10.125 21.125 2.125 24.75 6.0 25.5 27.75 8.5 9.25 8.5 7.0 14.0 31.375 26.125 16.75 1.125 3.25 23.5 27.25 4.875 1.375 19.75 2.875 25.25 9.5 22.0 31.25 2.625 26.625
27.375 26.875 10.875 28.375 19.0 12.25 13.625 22.0 0.25 27.375 24.125 21.875 7.5 4.75 0.875 21.5 22.5 5.625 31.875 24.25 3.5 21.75 10.375 3.875 6.625 4.75 21.625 18.25 25.625 4.625 7.125 28.625 7.0 30.25 28.625 31.375 11.25 27.25 6.25 6.375 8.25 22.875 28.875 8.0 14.875 7.0 15.25 21.5 19.5 23.125 24.625 30.25 18.875 11.125 0.875 8.625 4.125 31.875 10.875 13.5 31.0 1.625 29.375 23.625
8.375 21.375 21.0 7.5 15.875 15.625 7.375 28.375 17.75 11.5 17.625 11.75 22.375 9.125 0.5 13.125 10.5 27.125 22.875 18.625 11.0 31.375 9.5 30.75 27.375 27.125 10.125 31.5 11.875 16.375 3.5 15.0 17.0 15.875 25.0 1.25 19.125 30.375 30.875 20.75 13.625 19.75 5.375 2.5 23.125 17.5 12.375 25.125 5.25 23.5 13.75 19.875 6.625 15.125 6.125 30.5 6.75 7.875 13.75 12.875 11.25 13.625 13.75 6.875
29.625 13.75 3.75 15.875 28.875 18.5 3.875 10.375 1.375 2.125 12.0 28.375 29.25 8.25 10.0 6.375 6.875 30.0 2.125 3.25 0.875 26.5 29.875 27.125 18.125 21.5 9.75 13.5 9.625 13.25 18.75 22.375 15.25 11.875 19.25 30.25 4.75 7.25 18.75 27.375 5.75 28.625 29.625 1.5 7.625 26.375 15.625 15.0 28.25 7.0 1.625 29.0 26.375 21.5 26.875 2.875 19.875 28.375 21.875 18.25 1.625 23.375 3.875 1.375
10.875 4.0 31.0 15.5 20.875 17.875 6.0 7.375 21.875 3.0 27.125 7.375 29.125 2.75 8.625 24.375 11.125 11.625 7.625 12.0 23.75 0.375 19.125 19.125 29.375 24.75 19.75 25.125 19.0 0.375 20.375 30.0 13.25 26.5 21.625 12.125 10.5 4.25 0.625 16.375 26.125 11.875 1.75 15.125 10.625 10.125 31.25 2.25 20.625 10.5 13.0 15.875 26.0 1.0 24.375 20.0 28.0 16.875 9.375 21.5 4.25 2.75 7.375 18.75
21.25 14.875 29.25 29.0 14.25 8.625 23.5 19.5 18.75 28.625 31.5 30.0 30.25 19.375 4.625 23.375 26.625 19.0 30.375 4.5 24.25 23.0 7.375 22.0 31.625 24.375 25.25 13.375 5.25 22.75 28.75 9.0 6.625 31.375 1.75 3.625 2.75 0.375 2.25 8.875 5.625 3.5 13.25 9.625 20.875 24.875 20.75 4.25 1.875 29.125 1.375 2.125 2.25 1.375 22.25 8.75 22.625 10.25 24.125 24.5 25.375 2.25 21.75 8.75
27.375 25.75 16.5 13.375 0.5 21.875 3.875 10.0 24.0 1.375 21.5 22.375 13.25 17.375 1.5 7.125 17.875 17.375 28.25 22.75 30.875 15.25 14.5 27.625 16.5 27.125 18.5 28.5 8.0 12.75 22.0 6.625 0.0 12.75 18.625 27.875 26.875 1.5 22.75 23.125 25.375 18.375 10.75 17.25 31.125 10.125 12.125 31.875 27.625 27.875 9.125 12.5 21.75 4.75 18.125 16.0 5.125 18.5 10.5 9.375 24.25 0.0 27.125 16.5
16.125 24.5 15.5 22.125 10.5 20.25 19.875 20.625 16.5 7.75 13.0 6.25 19.625 9.0 6.125 12.875 22.125 3.75 8.5 6.375 16.125 1.125 17.5 16.75 11.25 12.625 30.5 24.75 19.625 1.625 22.0 5.0 25.875 6.625 29.5 4.125 2.625 0.0 2.125 28.75 20.375 14.75 0.625 24.0 14.375 18.5 6.625 19.875 11.125 23.0 18.125 11.625 15.25 24.875 24.375 9.125 17.875 25.875 8.75 15.5 8.75 26.125 17.0 24.5
16.375 17.625 14.5 23.0 9.625 2.125 9.0 4.75 17.125 27.75 0.0 31.75 26.875 2.0 23.5 26.625 17.875 12.5 17.75 31.5 9.625 17.375 2.25 31.875 23.25 29.125 2.375 6.375 19.75 0.625 6.375 12.5 14.5 12.75 6.25 6.375 19.0 12.625 22.0 19.625 7.375 29.125 9.875 23.375 17.0 25.375 11.5 26.125 2.375 9.375 28.25 4.0 26.125 10.0 11.75 1.625 5.75 22.75 18.875 19.625 14.125 20.625 23.0 23.875
8.5 2.875 22.375 12.0 22.5 28.625 0.5 1.375 7.125 24.875 9.125 26.125 19.875 27.875 16.375 12.375 30.5 3.625 15.375 24.0 7.125 26.375 9.5 24.75 5.25 16.0 23.75 22.5 18.125 30.375 1.5 16.625 6.5 14.0 4.25 23.375 20.5 30.75 26.5 16.0 16.75 13.375 1.125 18.125 19.75 16.375 0.0 2.125 9.875 9.875 12.875 9.375 17.5 0.25 8.125 19.375 12.625 23.625 2.75 2.375 27.375 15.125 26.125 9.25
14.75 4.375 8.5 23.5 13.5 18.375 27.375 22.25 22.25 7.0 23.5 12.125 29.375 3.375 11.625 8.25 30.875 30.625 14.625 20.25 2.875 4.625 13.375 11.0 1.75 6.25 18.375 9.875 23.75 9.75 13.625 0.5 29.25 23.875 8.0 3.875 17.25 24.125 17.375 30.875 20.125 29.0 21.25 3.375 5.0 17.25 23.375 3.5 19.125 28.375 3.5 4.25 25.875 30.5 11.625 16.875 26.5 1.25 6.375 31.625 17.25 26.75 10.0 8.625
2.25 14.125 3.0 4.25 5.125 9.0 27.25 23.625 25.75 14.0 24.5 26.125 15.875 17.125 26.125 14.75 20.5 24.75 30.75 5.125 15.75 26.625 14.625 10.5 31.125 6.375 7.25 18.0 9.625 26.25 11.5 26.25 17.875 25.375 5.375 0.0 30.625 17.5 8.25 15.125 29.125 5.875 8.625 30.25 27.25 19.375 21.875 30.125 28.5 9.25 13.25 4.625 22.625 21.875 5.625 3.375 25.625 5.875 21.25 15.125 15.375 26.25 17.125 16.875
23.375 28.125 26.875 1.625 19.625 1.625 4.125 26.0 5.625 24.75 27.625 14.625 23.625 31.75 10.25 15.125 31.25 21.625 21.375 4.125 7.75 17.0 11.5 9.25 26.0 15.25 6.875 15.125 22.875 4.875 1.0 29.5 15.375 9.375 7.25 7.25 14.625 4.125 12.125 16.125 14.0 9.0 1.75 11.875 20.875 25.5 27.625 17.5 29.125 2.375 10.375 18.75 30.5 4.5 29.75 11.0 18.0 27.25 6.25 13.5 10.375 30.125 11.625 16.875
19.875 8.75 19.625 4.875 25.0 19.625 4.5 11.5 17.5 25.5 14.75 20.625 9.5 31.25 20.0 14.375 24.625 21.0 0.0 24.375 15.375 9.875 4.625 4.625 19.75 4.25 1.375 22.125 7.5 29.875 7.0 17.125 4.125 11.5 5.25 12.5 20.125 21.5 18.875 25.375 14.875 1.875 4.5 14.125 3.75 28.875 26.875 18.375 7.875 21.875 16.125 31.25 7.875 2.625 19.875 15.625 0.875 16.75 28.375 28.625 28.375 10.375 31.0 11.125
1.875 20.0 17.5 6.125 0.25 17.75 12.75 19.0 27.125 31.125 0.75 16.375 11.625 9.0 30.125 14.875 4.25 8.125 17.5 19.375 24.5 27.75 25.25 24.375 10.125 9.25 9.5 14.125 4.875 22.375 23.875 29.375 23.875 30.75 31.125 11.875 10.125 28.375 29.0 26.25 24.0 24.125 30.5 9.5 4.375 6.25 20.5 6.5 19.375 1.625 29.75 30.5 30.25 28.125 3.125 6.0 5.875 4.875 16.875 13.0 24.875 8.875 8.0 13.375
1.375 20.625 12.125 18.25 9.5 11.0 30.625 30.75 2.0 10.25 26.125 22.75 16.625 27.75 10.875 18.75 28.25 18.125 3.5 2.625 17.0 16.0 2.25 27.5 22.125 8.875 15.75 8.375 14.625 20.0 4.5 15.125 17.625 29.625 9.75 4.0 9.25 17.625 7.875 28.125 2.375 4.25 2.0 6.25 29.0 5.625 1.0 31.5 2.375 11.375 7.25 1.0 31.125 4.375 12.625 22.875 3.125 7.75 22.5 8.0 11.75 30.875 19.625 12.125
13.75 27.0 10.0 15.125 11.0 4.5 10.0 15.0 17.25 9.5 12.5 13.0 14.625 25.25 17.5 12.25 26.125 31.125 4.25 29.375 15.25 7.125 29.625 23.0 22.875 24.375 13.875 7.875 16.125 4.625 9.5 12.875 27.75 30.875 12.375 11.875 1.625 30.75 23.75 28.75 29.625 5.75 6.875 4.625 12.125 22.625 4.25 24.0 28.0 27.875 16.125 29.125 27.125 12.75 4.125 29.0 17.625 27.5 3.375 14.625 19.25 12.25 20.125 15.375
5.75 17.375 4.875 9.625 18.625 31.25 4.125 18.25 10.875 23.25 5.75 15.75 17.5 18.375 30.75 16.375 29.5 18.125 0.625 16.5 8.5 31.5 10.875 20.375 8.0 26.625 5.875 11.5 24.125 30.625 14.75 1.75 15.625 20.75 9.375 20.125 26.25 24.125 17.0 0.75 17.75 2.5 7.375 18.625 17.25 0.625 4.5 26.75 0.875 28.25 23.625 9.0 6.25 6.875 4.5 16.125 3.0 19.875 17.0 4.5 11.625 6.75 28.25 22.625
21.75 4.625 24.75 29.625 18.375 11.125 17.0 8.125 30.375 3.875 5.125 11.875 18.625 25.625 4.0 19.5 24.25 26.75 14.125 29.5 10.625 4.375 20.5 10.25 30.25 0.25 23.75 22.375 15.75 6.875 29.125 7.875 26.5 30.75 3.625 18.0 24.75 31.25 24.25 26.625 19.875 6.0 12.75 26.5 0.375 26.125 13.75 25.125 6.125 24.875 1.125 16.625 16.0 16.0 22.0 16.75 5.625 22.625 12.875 26.375 16.875 6.125 3.125 21.125
21.25 18.125 1.375 3.75 15.875 23.75 5.875 31.5 24.375 23.5 23.5 8.5 15.625 4.75 28.25 10.375 1.875 20.5 29.25 22.625 11.75 31.875 7.25 15.75 27.875 15.0 2.125 3.125 6.625 2.25 21.375 14.25 2.25 16.875 1.375 28.875 4.125 10.5 18.125 29.375 9.75 28.5 2.625 30.125 24.875 21.75 8.75 15.75 15.5 25.75 24.25 23.625 22.25 12.25 20.25 11.5 11.5 7.375 1.0 28.75 18.75 31.5 29.375 26.125
23.75 23.5 0.25 6.375 2.75 18.125 0.875 30.375 19.75 2.875 16.75 12.75 15.125 2.75 19.375 16.5 0.0 0.25 14.25 31.625 1.5 21.5 13.5 21.0 28.5 31.625 0.375 8.375 31.875 21.5 7.875 8.375 2.375 19.375 20.375 2.5 4.25 5.25 13.375 13.0 19.375 7.75 31.25 21.375 6.25 25.75 17.5 3.375 2.375 27.375 0.125 4.875 28.125 19.25 3.5 17.0 23.25 18.0 3.375 12.625 14.375 22.625 27.5 2.375
10.75 20.75 27.25 7.75 27.5 0.5 8.875 2.875 6.125 12.625 8.5 8.25 0.75 29.125 26.75 27.75 14.625 7.125 23.625 22.25 30.25 7.375 18.25 10.5 5.25 11.5 21.375 31.625 8.5 8.375 23.375 10.875 14.25 12.5 18.25 25.125 1.875 23.375 14.625 19.375 31.625 5.5 31.0 13.75 6.75 10.875 1.125 30.5 28.625 21.0 4.375 21.5 24.875 31.375 5.0 9.5 30.25 3.375 30.375 9.25 31.125 28.125 26.625 27.25
31.375 25.75 11.75 2.75 27.75 5.75 4.5 17.0 22.375 8.625 19.5 29.875 0.375 28.25 10.25 30.375 11.75 5.75 29.25 0.75 6.125 9.5 23.125 15.125 24.125 21.375 11.25 13.5 20.5 16.75 29.375 22.375 0.375 0.0 25.375 20.625 2.125 26.125 28.75 4.25 30.875 15.625 9.5 22.125 0.0 28.625 13.0 0.25 11.75 7.0 4.75 25.375 23.75 12.0 3.625 9.125 26.25 28.875 23.375 9.625 21.0 0.25 7.5 20.0
11.875 30.0 7.0 1.5 0.125 5.5 13.625 12.5 22.5 10.0 18.75 21.25 3.625 8.75 2.5 20.625 21.625 30.5 13.375 16.375 20.75 25.125 4.25 19.625 1.625 20.625 20.125 28.875 27.5 6.0 11.625 22.25 31.5 15.875 22.75 0.875 26.0 6.25 17.75 29.625 15.375 26.75 27.625 0.375 18.5 1.875 11.0 9.375 22.375 1.625 22.0 5.625 12.0 6.75 11.25 1.75 6.375 7.75 4.75 18.0 11.875 0.875 20.125 31.625
0.125 21.5 19.75 19.125 0.0 17.125 28.0 24.875 6.875 20.25 29.5 30.125 24.875 12.75 28.875 2.375 17.125 6.75 20.75 16.0 26.625 25.875 2.875 15.25 0.625 21.375 24.5 15.25 15.5 15.125 18.875 25.0 20.0 6.875 17.375 15.5 15.125 26.875 15.75 29.625 14.75 8.0 4.375 3.25 15.125 11.25 16.375 4.625 17.0 0.25 11.875 11.5 3.375 20.25 17.125 5.5 27.75 31.625 4.125 18.125 16.875 26.875 25.5 6.75
3.125 0.0 24.75 7.875 31.25 16.0 15.5 22.0 0.875 1.75 18.125 26.25 1.375 15.75 21.125 18.875 18.0 22.125 10.75 19.875 25.375 4.625 14.125 15.5 17.625 9.125 5.125 6.0 3.5 23.25 18.875 28.125 3.125 8.375 30.0 22.25 9.5 25.25 1.5 12.0 2.625 12.25 7.375 24.625 9.5 1.875 20.625 19.75 4.0 23.25 21.5 27.25 21.25 31.375 7.75 19.5 4.75 21.5 17.0 28.875 25.25 5.5 3.375 22.0
24.375 15.625 27.875 26.625 0.25 5.125 22.625 29.75 0.875 16.625 25.875 4.75 13.875 14.0 25.375 21.75 6.0 22.0 12.375 14.75 15.25 15.875 30.125 21.375 31.75 1.625 10.125 3.5 3.25 9.625 10.125 6.375 17.875 30.375 14.125 28.625 8.125 7.75 1.75 20.0 19.25 16.375 3.625 12.125 4.375 9.0 20.375 21.375 16.625 15.875 5.5 28.75 23.5 22.0 30.625 7.125 1.125 18.75 24.125 4.625 24.75 24.0 28.0 31.375
28.625 18.5 17.875 28.5 23.5 4.25 12.0 29.5 1.375 20.25 10.125 22.875 23.625 8.125 20.625 18.75 12.625 10.0 17.5 18.25 14.5 8.25 12.875 15.625 31.375 26.5 3.25 19.5 19.75 18.875 3.625 30.875 18.0 28.0 30.625 7.75 18.625 16.75 9.25 12.625 25.75 18.125 3.125 26.75 25.5 12.25 9.25 12.5 30.0 21.125 31.25 21.125 8.25 1.375 8.0 4.5 10.875 13.75 26.375 6.25 2.5 15.875 11.125 21.625
31.0 7.375 29.5 0.625 5.125 21.375 6.125 9.125 2.625 13.875 0.875 11.375 3.0 14.5 31.125 24.125 0.375 24.75 23.25 19.25 29.75 30.75 0.25 20.75 23.875 4.5 7.875 30.25 24.25 15.625 15.625 16.25 8.75 31.625 12.5 14.75 28.0 14.875 14.25 30.375 12.0 8.875 22.75 11.875 6.125 30.25 6.25 31.25 21.875 8.625 13.875 15.875 21.75 21.75 9.375 27.75 21.125 0.375 18.75 2.375 1.625 2.25 8.375 30.375
23.75 11.375 25.875 10.375 5.75 2.875 18.125 8.75 13.75 8.125 14.5 20.375 30.875 25.0 6.75 4.625 21.875 10.5 2.0 26.375 28.375 3.625 6.75 9.125 9.625 26.75 16.75 2.0 21.75 1.625 29.625 10.875 0.0 23.875 1.875 24.375 31.375 6.5 18.5 22.75 15.25 14.75 4.75 17.0 28.75 19.0 1.375 17.875 1.75 0.625 18.25 9.25 14.625 5.25 17.5 27.75 13.75 11.0 12.75 23.375 20.75 9.375 19.125 0.875
24.125 15.75 12.75 30.25 20.875 0.125 27.125 21.625 15.125 6.625 22.0 19.25 14.25 16.5 3.25 4.5 30.25 3.125 24.875 22.0 20.0 16.375 2.125 28.25 26.0 21.0 21.375 7.5 18.25 7.5 15.5 26.625 13.375 18.25 10.125 11.875 13.5 1.5 23.125 0.75 10.125 9.875 18.75 27.5 26.25 24.125 10.5 4.25 10.625 1.625 14.875 29.5 29.625 7.0 15.625 31.375 28.0 2.25 26.25 26.125 26.75 1.125 29.125 17.75
1.75 7.25 28.375 6.25 17.75 31.25 20.125 28.375 6.625 5.75 26.125 18.25 25.375 22.0 4.0 12.5 1.875 21.75 10.75 12.0 30.875 21.0 24.5 20.5 7.5 25.875 8.5 15.75 20.5 0.875 4.0 11.25 13.5 6.375 23.875 12.625 8.75 2.375 3.125 3.125 11.375 25.125 23.0 30.75 30.875 7.75 16.25 0.5 20.75 6.875 19.875 16.0 30.75 24.75 25.625 14.5 16.25 10.875 6.625 2.875 11.75 24.25 17.875 22.875
30.375 7.0 13.125 31.375 10.5 17.5 12.875 1.25 29.5 0.625 30.125 8.125 13.625 12.375 23.375 5.0 13.125 15.125 6.0 1.0 5.625 23.25 17.875 5.5 24.125 3.125 18.875 0.875 20.125 10.25 18.25 25.875 27.375 4.375 0.25 13.625 4.375 0.125 7.125 7.0 21.125 1.375 9.75 4.625 12.625 13.75 29.875 2.5 1.75 1.75 20.875 0.5 22.375 17.875 15.125 29.875 10.0 28.125 19.375 17.5 4.0 13.75 14.375 12.0
29.25 14.375 26.5 20.125 22.0 26.0 27.25 28.875 0.75 3.25 26.25 23.25 21.625 15.5 30.375 28.5 8.875 25.875 24.0 14.625 3.375 24.375 17.875 24.625 27.75 27.5 28.5 24.125 4.125 19.875 17.125 16.875 22.0 9.0 16.625 2.5 23.5 2.25 22.25 25.125 5.25 21.0 20.625 13.875 1.25 29.375 11.375 1.75 19.75 2.5 29.25 15.5 14.125 23.375 5.75 17.875 3.0 9.375 8.0 19.25 30.25 12.125 23.125 14.0
25.25 9.25 29.25 4.375 3.0 26.125 11.625 22.5 21.5 2.375 0.625 12.375 19.75 13.75 21.625 1.625 6.5 17.0 8.875 12.0 15.625 12.625 24.625 20.25 10.875 18.375 4.25 12.5 11.0 27.75 1.75 11.75 27.75 19.25 11.25 13.0 31.125 27.0 1.875 4.875 9.375 26.375 14.125 4.75 6.875 8.125 5.125 22.125 23.625 12.25 5.625 16.625 19.625 7.0 4.5 10.5 12.5 8.875 1.25 21.625 29.625 25.875 23.0 18.75
18.25 18.875 3.125 31.625 28.0 9.375 22.0 23.5 23.0 26.75 12.125 20.75 5.0 24.875 28.875 22.375 19.75 31.25 15.0 13.0 15.0 26.125 31.5 16.5 8.875 19.375 11.375 15.875 0.5 0.5 10.75 30.375 13.25 1.375 16.5 6.625 6.0 17.5 10.875 3.375 19.375 11.25 19.875 21.75 19.625 10.625 16.125 30.625 18.125 28.5 24.625 12.875 24.375 31.0 31.625 28.75 17.0 9.75 11.0 3.0 22.0 12.125 13.875 6.375
21.75 1.5 18.125 28.875 21.875 30.0 11.375 2.75 24.625 19.75 8.125 13.375 6.75 22.375 20.0 18.625 28.375 15.625 22.75 19.25 22.875 2.875 28.0 1.0 20.75 13.875 7.375 7.125 22.125 25.0 12.625 23.625 8.75 20.0 5.5 31.0 29.0 6.625 10.375 17.625 16.375 23.25 22.25 8.125 21.375 28.625 16.0 19.625 30.0 29.375 15.125 18.0 26.875 24.25 4.5 4.75 5.875 10.0 25.625 8.25 12.875 17.25 21.25 31.375
26.75 28.5 24.375 29.5 15.375 10.0 4.25 22.25 13.625 9.0 3.375 24.5 9.125 29.25 10.375 22.875 17.25 24.5 31.75 7.75 14.25 31.875 21.625 16.0 25.875 14.0 17.625 3.0 8.125 0.5 30.25 8.25 30.25 30.625 28.5 17.875 3.0 28.25 8.125 11.75 10.375 23.0 14.5 1.75 0.0 5.125 19.75 11.75 12.125 30.0 10.0 26.125 15.5 19.375 18.625 15.875 25.5 1.25 14.625 4.5 18.125 15.5 5.625 31.125
17.625 28.75 1.25 1.375 22.5 2.5 9.625 2.875 2.625 13.0 28.375 19.125 14.875 21.5 25.375 31.375 22.375 31.5 21.75 24.0 26.625 25.625 17.625 3.375 10.125 31.75 21.0 4.125 28.875 29.75 22.75 7.625 20.625 10.125 19.875 0.625 9.25 3.375 9.5 15.0 30.625 23.125 1.25 21.5 26.125 3.0 3.875 25.5 20.25 9.875 14.25 1.625 31.75 13.625 19.75 21.875 20.25 12.625 23.25 21.125 16.875 31.625 16.75 22.875
13.0 14.375 8.125 21.75 0.75 18.75 31.25 11.75 6.5 12.875 23.0 24.25 23.25 23.125 7.375 14.25 12.125 12.875 11.375 15.5 18.75 10.125 3.125 29.625 27.25 12.125 27.75 27.125 31.5 16.75 1.0 29.5 16.125 24.375 11.875 30.125 9.375 21.625 20.625 26.375 19.375 8.25 18.25 9.5 22.625 15.75 5.375 18.875 29.0 10.0 11.375 5.0 28.875 24.5 13.375 13.875 28.5 11.375 4.5 29.625 22.0 28.625 13.75 0.5
15.0 25.75 26.125 2.75 7.0 27.75 5.25 2.375 14.0 9.0 5.25 1.5 27.625 22.5 16.25 13.5 24.5 2.75 4.625 1.75 16.25 22.0 24.875 17.25 21.0 19.25 29.375 26.125 28.625 25.375 25.0 6.875 4.125 0.625 23.75 3.25 26.0 21.625 7.125 21.25 6.375 25.0 11.25 7.625 26.625 17.0 21.625 10.0 27.125 26.875 24.125 7.875 9.5 22.5 3.5 27.125 25.125 21.875 2.375 7.875 16.375 24.625 19.75 23.25
1.0 12.5 9.125 11.5 9.125 2.125 3.625 13.625 12.875 21.875 28.375 8.5 14.5 15.875 16.25 15.75 27.125 17.5 20.375 7.625 31.0 22.375 21.875 25.5 29.625 16.5 14.625 18.375 6.625 6.875 15.625 29.125 1.375 8.75 18.375 3.0 13.625 14.5 17.25 27.875 1.75 4.125 27.875 13.625 11.875 20.625 21.125 31.625 22.25 17.625 12.0 22.5 22.5 15.125 20.0 21.625 1.25 28.25 13.375 3.875 8.25 30.875 20.625 30.5
29.5 28.625 20.25 2.375 18.625 15.75 1.5 1.5 14.75 12.0 13.125 14.5 30.25 25.375 18.875 13.875 11.0 2.875 25.0 20.125 19.125 0.0 10.625 18.25 28.875 7.375 16.5 2.5 10.75 15.375 25.625 28.5 20.25 19.625 18.625 0.75 8.75 26.625 27.25 27.5 1.125 15.75 9.625 8.5 0.75 9.375 30.875 27.5 17.75 8.125 17.375 30.375 18.375 17.5 14.125 10.375 9.0 11.75 13.0 24.875 21.875 1.5 7.375 26.0
14.125 16.25 8.125 21.875 16.5 10.375 26.5 16.25 20.125 3.375 11.25 4.125 20.125 26.25 27.25 30.25 28.25 25.0 4.875 12.25 30.125 29.375 12.875 7.625 31.625 4.375 14.375 22.875 24.125 8.875 12.0 22.25 11.5 7.75 3.75 2.0 12.0 28.125 15.25 1.625 29.5 25.625 27.25 6.375 7.375 4.875 15.5 5.625 16.875 30.875 20.5 25.5 27.5 22.75 20.625 20.375 10.875 19.0 5.625 23.875 5.375 15.125 11.375 13.75
11.875 9.625 11.0 2.625 24.5 19.0 24.625 1.375 17.875 28.625 13.0 23.625 5.75 17.125 31.125 13.625 18.375 18.875 27.5 25.125 23.375 17.5 25.125 17.0 29.5 5.25 21.75 17.125 21.5 13.5 28.5 23.5 2.0 29.25 18.875 25.25 21.0 22.75 7.875 5.25 9.625 3.875 22.0 7.25 19.0 17.0 15.75 11.625 2.0 15.0 25.5 4.75 9.75 22.625 31.125 1.0 14.125 23.75 9.75 17.75 18.375 14.5 14.25 1.875
12.5 23.625 10.75 15.75 25.375 15.25 27.75 26.5 1.875 11.5 24.75 21.625 11.25 5.75 17.625 4.875 16.25 11.625 18.875 8.375 26.75 26.875 24.75 21.5 31.5 28.625 12.375 24.5 0.5 10.75 2.125 25.875 11.875 16.625 28.5 27.75 7.375 18.75 11.875 23.875 4.625 20.125 29.875 10.25 3.125 30.5 30.875 25.125 23.0 14.75 26.625 10.5 24.75 12.875 0.75 29.625 15.25 20.75 24.625 27.375 31.875 25.25 7.5 6.0
12.25 4.375 16.375 19.375 28.75 23.5 31.0 17.75 31.75 9.75 9.125 24.125 15.875 23.25 31.375 16.25 2.375 24.25 1.5 17.625 26.875 26.75 19.5 30.5 18.375 0.25 21.25 13.625 13.375 30.5 29.5 16.125 13.0 15.25 0.625 10.25 25.125 30.875 0.0 27.375 3.125 1.25 4.75 26.0 0.125 8.875 18.625 18.125 0.125 10.125 24.75 21.75 13.75 12.0 19.75 13.875 21.875 16.75 8.75 21.375 12.75 21.875 10.0 24.5
4.125 13.125 30.125 13.5 5.625 18.25 11.875 27.375 3.5 8.25 21.25 19.75 4.75 3.75 4.875 17.0 3.125 6.375 11.125 16.375 24.25 22.75 5.25 30.5 11.25 26.75 16.25 26.0 5.875 24.375 28.875 3.5 31.25 17.875 21.25 31.625 0.375 12.125 24.375 11.125 1.375 27.25 31.25 13.25 8.375 11.0 31.125 1.375 28.625 6.125 30.25 23.625 11.5 9.25 21.25 5.75 29.75 17.5 24.5 4.875 27.75 6.125 23.125 10.625
8.875 8.0 17.875 25.25 13.75 2.625 4.875 10.125 25.25 18.375 13.0 12.375 9.875 3.125 20.5 19.25 16.5 28.875 9.125 16.0 0.75 29.875 1.125 3.0 22.625 13.375 14.375 0.625 3.75 15.125 31.25 23.75 3.125 0.875 26.875 28.625 30.75 1.25 0.0 12.75 11.75 30.5 25.0 16.75 7.125 2.625 29.375 4.375 9.625 19.625 28.5 17.25 12.75 30.5 26.125 22.5 3.375 8.875 18.125 22.25 21.125 24.5 30.625 11.75
6.25 28.75 5.0 26.0 2.375 13.25 7.0 27.5 1.75 25.25 8.0 3.25 8.875 25.75 1.75 25.0 18.875 30.875 5.625 30.625 8.5 27.0 10.125 26.25 17.25 8.875 0.0 24.5 14.25 29.125 26.375 26.625 20.0 21.25 4.75 2.5 13.25 9.0 11.75 29.125 24.875 27.5 15.25 29.75 8.25 16.5 3.25 5.375 18.125 30.375 10.125 20.375 27.25 11.5 31.0 10.5 18.75 11.25 27.875 29.75 15.75 24.375 30.625 14.125
31.875 31.625 19.625 12.875 0.25 7.75 14.375 3.875 0.75 17.375 21.5 23.25 2.5 8.0 12.625 30.125 0.625 10.0 7.25 15.5 4.875 9.375 7.375 31.75 20.625 6.5 6.5 7.375 20.375 8.5 9.625 13.25 23.25 21.75 16.5 3.5 16.625 30.0 5.5 1.375 18.0 29.625 20.625 16.125 20.125 11.75 8.5 7.625 31.625 24.0 1.375 18.125 20.25 5.875 17.125 2.375 10.75 6.125 29.875 15.25 19.5 16.375 4.125 29.25
19.0 27.5 18.875 9.75 3.0 9.625 18.0 16.875 8.5 18.5 14.125 5.125 28.625 12.375 12.25 27.875 31.875 17.0 12.375 5.875 7.75 24.375 30.0 3.25 5.375 23.375 2.75 0.625 15.375 26.375 5.625 1.625 10.375 5.75 14.75 11.625 5.5 17.125 21.75 26.625 11.375 4.75 14.875 11.875 6.375 24.0 1.625 18.5 21.75 27.25 8.75 0.875 22.5 26.0 9.0 31.375 24.625 2.75 30.125 6.375 6.125 19.75 26.125 16.5
1.625 29.25 13.625 8.875 22.5 23.625 12.125 17.625 25.625 11.625 18.125 8.375 0.375 10.25 27.625 10.75 24.75 14.5 13.25 9.375 7.125 1.125 27.125 22.625 4.125 4.375 17.0 1.125 23.875 12.5 17.0 24.0 25.0 16.625 2.375 17.125 20.125 1.125 13.25 22.75 15.875 18.875 28.25 3.75 20.875 13.0 29.625 29.625 25.75 0.125 27.25 5.375 12.625 4.875 16.875 17.375 14.375 27.25 0.125 9.5 8.0 16.75 6.5 18.625
8.5 22.75 5.875 20.75 4.0 28.875 25.875 22.25 5.125 18.0 1.125 12.375 0.5 2.0 27.75 28.125 1.375 6.0 14.5 4.875 30.375 5.625 26.875 10.25 24.75 26.25 28.125 17.625 10.875 8.75 1.75 28.75 25.25 29.125 29.75 30.0 10.875 8.125 21.25 31.25 26.375 26.375 28.125 31.125 17.125 25.75 22.375 28.25 14.375 0.125 5.75 9.0 15.875 7.125 15.375 21.125 9.0 29.625 23.375 0.0 16.5 12.125 28.75 17.875
13.75 30.375 7.375 19.5 11.375 16.375 18.125 29.125 2.875 15.625 27.75 18.375 19.5 9.75 16.125 24.375 3.125 29.75 5.625 23.75 8.625 13.5 13.875 20.125 28.125 17.875 23.875 10.0 2.875 3.75 17.125 7.0 29.0 16.875 16.625 0.125 31.5 16.75 2.125 6.5 7.625 8.375 6.0 19.625 29.125 31.25 4.375 14.75 19.375 27.875 20.5 23.875 12.875 11.375 7.125 16.75 11.125 14.0 27.5 7.25 20.0 2.25 23.75 2.5
10.875 14.125 27.375 1.875 8.125 28.75 8.75 18.375 26.375 12.75 8.75 12.375 3.25 5.0 7.5 6.625 7.875 9.875 6.5 17.625 9.625 28.375 15.875 31.25 11.75 24.5 4.0 22.875 23.5 9.875 9.0 16.875 0.75 2.5 17.5 11.25 30.125 17.5 10.0 11.125 25.0 16.625 27.375 9.625 8.875 14.5 31.5 20.75 14.75 24.375 31.375 17.375 15.0 13.5 18.0 22.5 18.75 4.375 25.875 22.75 15.5 17.0 23.25 21.375
12.0 25.375 29.5 20.375 14.375 5.25 7.5 20.0 4.625 24.125 25.125 5.5 20.75 3.625 6.125 3.5 21.25 23.5 7.125 21.375 1.0 20.0 25.125 12.625 16.375 28.625 16.625 21.25 15.375 7.0 8.625 7.75 1.875 29.5 25.875 20.0 26.875 20.375 27.125 17.125 0.125 25.125 20.875 9.25 26.75 17.625 8.125 7.5 25.875 23.5 29.125 11.25 5.5 16.875 25.875 6.75 0.875 15.625 13.875 9.375 25.75 5.25 1.25 1.0
0.5 2.5 7.5 18.75 4.5 30.375 12.25 19.625 11.375 1.5 31.875 6.125 1.875 23.75 27.125 28.5 21.75 20.875 19.375 16.0 17.125 27.625 25.25 16.625 26.25 12.25 11.0 11.375 31.75 28.625 7.75 29.375 26.125 20.25 7.25 29.375 27.625 19.625 14.5 26.875 13.5 22.25 25.625 22.125 7.625 26.5 6.875 29.25 11.5 4.75 4.875 12.625 30.5 24.875 21.375 23.25 6.5 19.875 7.5 21.0 23.875 30.375 27.0 30.75
26.625 25.0 3.625 13.875 2.625 2.375 17.75 1.375 3.5 19.75 16.75 9.75 26.25 18.25 17.375 12.625 4.875 10.5 31.875 4.375 14.25 27.625 17.5 27.5 25.5 22.375 23.375 24.625 7.625 17.625 0.375 17.5 10.375 27.75 27.125 4.125 4.75 3.0 13.375 22.875 5.5 28.625 30.5 3.375 12.0 10.0 15.25 4.375 8.75 26.25 10.75 28.125 26.625 14.625 24.25 12.5 10.125 29.75 22.375 23.25 6.0 1.625 5.625 22.375
22.875 11.25 20.375 25.75 16.125 22.375 28.75 31.375 10.0 2.25 5.875 11.0 9.75 22.25 8.625 9.25 24.875 10.625 9.5 8.75 18.375 28.125 8.875 25.5 22.5 23.0 5.0 8.625 21.125 17.0 18.875 18.875 1.75 16.5 16.625 5.625 27.375 31.375 29.625 29.25 14.75 29.375 23.25 21.375 12.625 21.625 4.625 11.0 4.0 16.0 21.875 19.25 24.875 14.75 15.875 31.875 28.75 11.625 27.75 11.125 6.0 14.625 8.25 23.25
6.75 6.375 15.375 28.125 20.0 3.875 25.625 31.625 25.375 6.75 5.75 6.5 5.0 25.875 27.125 2.625 14.625 1.75 18.25 12.25 31.375 8.875 14.5 27.75 12.375 6.625 22.125 2.125 3.5 23.875 2.375 19.25 31.625 0.625 10.125 10.75 21.25 30.375 26.375 27.125 10.625 18.125 13.875 3.875 18.25 3.25 16.375 27.75 10.125 29.625 29.25 31.875 7.5 28.375 4.875 28.125 23.0 28.25 30.0 22.375 29.875 20.625 0.75 16.75
26.375 28.25 8.625 11.5 18.0 4.875 19.875 24.375 13.375 16.0 25.0 6.125 5.0 26.625 27.375 13.0 20.375 5.0 12.375 11.75 0.0 19.25 4.0 11.75 1.375 2.125 30.25 2.625 2.375 8.0 23.625 24.875 22.125 13.25 10.25 13.125 15.75 0.75 1.125 18.125 23.375 3.375 14.625 16.875 10.375 20.375 22.0 7.0 11.375 27.125 12.5 16.5 9.0 0.875 15.125 0.5 2.125 17.625 8.625 12.125 3.75 0.125 2.5 1.5
25.5 4.625 25.375 7.375 10.75 7.625 18.5 28.0 31.375 30.375 14.125 16.5 31.25 7.25 9.625 7.125 11.0 26.375 19.125 31.0 19.5 0.75 6.0 22.75 25.875 9.5 26.625 1.5 31.375 22.375 14.0 26.625 9.75 2.875 23.75 17.625 2.125 26.875 31.25 11.5 16.0 1.25 0.25 7.75 21.875 22.625 2.625 0.5 20.0 24.375 22.25 5.0 7.625 8.125 31.0 21.25 31.625 31.0 30.75 17.375 0.875 31.25 27.125 29.25
26.25 17.875 19.875 27.0 22.5 13.5 7.875 18.25 20.375 2.5 23.375 23.125 12.75 8.625 30.75 7.25 26.125 7.875 2.5 24.0 3.75 11.875 15.125 4.25 3.5 17.625 3.375 5.75 0.875 13.625 29.125 12.875 22.25 16.0 12.875 11.5 22.125 11.875 20.75 21.625 20.0 31.875 10.875 11.5 3.875 16.875 27.0 12.625 5.375 6.5 28.375 27.375 17.125 2.375 5.125 10.0 17.25 8.5 9.375 23.125 17.25 1.0 6.5 26.25
19.0 11.375 10.875 6.125 28.625 12.125 20.0 20.75 20.5 7.625 3.25 1.625 21.25 30.25 0.125 4.25 6.875 21.375 13.625 21.125 19.875 1.375 5.75 24.5 28.25 4.125 7.375 3.375 23.625 20.625 28.5 12.125 22.875 6.0 30.875 9.875 8.75 9.25 22.375 7.625 9.125 26.625 17.75 6.0 12.25 6.5 13.5 3.625 3.75 19.5 8.375 19.375 2.625 21.75 25.0 6.5 6.375 2.625 10.5 8.0 11.0 12.125 12.25 23.375
18.75 1.75 12.875 28.125 14.0 23.875 10.625 8.875 5.125 0.125 28.375 0.75 0.625 3.75 23.5 8.0 19.0 7.0 21.25 2.125 14.375 31.625 1.375 7.125 2.75 30.75 22.5 20.375 4.375 7.875 9.875 4.25 1.25 3.375 10.0 24.5 22.875 6.25 1.625 25.25 3.75 25.625 15.375 20.75 6.75 19.0 13.5 2.0 10.625 20.75 10.75 27.875 22.25 5.375 9.5 21.75 31.125 19.0 26.0 30.125 20.875 14.25 30.0 29.5
15.875 12.375 2.125 11.125 22.875 22.375 20.25 30.0 25.5 22.625 30.75 24.625 10.5 19.75 27.75 12.0 26.625 2.625 22.375 25.625 21.0 23.625 11.375 29.625 25.25 10.125 29.5 16.625 18.125 23.375 18.75 20.875 26.75 14.5 5.875 3.25 14.875 20.125 31.375 31.5 28.75 3.375 29.25 12.5 11.5 22.75 6.125 16.625 3.375 17.875 29.375 15.375 7.25 9.125 9.75 26.0 9.875 2.25 28.25 15.875 12.625 31.5 6.75 18.5
16.875 7.0 20.5 30.625 30.875 6.375 20.0 15.375 23.125 31.625 11.625 17.625 5.5 29.875 31.875 26.875 2.75 31.75 24.25 12.25 22.0 26.75 10.125 2.875 13.75 6.5 8.0 6.5 25.625 6.625 22.75 12.375 31.875 30.875 3.75 29.625 3.75 8.0 3.75 12.125 10.5 21.125 0.625 19.375 1.0 6.5 30.125 3.75 17.125 23.5 17.75 27.625 21.875 23.875 2.625 16.0 0.625 31.125 14.625 24.625 25.0 13.0 25.25 5.25
14.5 9.125 0.625 15.875 15.75 8.75 1.0 15.125 5.625 13.625 21.25 18.625 30.625 14.0 25.375 26.375 31.75 10.375 20.875 30.25 11.125 1.25 25.625 10.0 17.75 0.75 24.875 4.75 17.375 5.375 14.5 15.75 30.5 16.75 12.625 22.875 21.625 6.125 20.625 4.25 9.125 26.375 10.0 3.25 28.125 29.25 8.25 25.125 7.875 21.0 24.125 31.0 1.375 12.125 14.75 2.0 25.75 19.0 31.625 20.5 2.75 22.375 10.5 20.0
2.125 10.0 23.375 5.5 27.125 11.75 16.375 27.0 28.375 11.25 11.0 23.125 0.75 24.375 16.125 4.25 0.625 14.875 23.25 18.25 7.125 7.75 15.0 24.5 4.375 17.0 12.5 4.25 13.875 12.875 15.0 12.75 5.75 1.25 22.875 12.875 10.25 31.125 16.125 28.875 4.25 14.875 24.125 16.0 15.25 2.875 9.0 3.875 28.125 19.125 18.125 27.125 5.875 28.875 21.75 19.375 21.875 1.375 18.75 12.75 26.0 31.0 19.75 16.0
11.625 12.0 19.125 15.125 4.25 9.625 30.875 29.5 5.875 6.25 29.25 8.5 14.5 11.25 0.5 27.875 11.5 19.375 2.75 15.0 0.0 25.75 11.875 9.75 10.375 15.5 9.75 29.875 3.875 27.75 2.0 16.125 10.5 3.375 22.5 12.625 21.5 2.75 8.75 0.25 29.375 0.75 12.125 4.0 30.0 12.5 31.375 31.125 18.0 22.625 19.25 26.625 31.875 12.25 28.875 20.625 11.625 30.375 31.0 8.5 3.375 23.25 30.75 15.25
5.125 22.625 1.75 12.5 14.75 14.375 13.875 16.25 14.75 23.25 31.625 28.0 18.625 23.375 0.625 6.75 17.875 8.25 24.625 0.0 0.125 14.75 23.75 14.5 15.25 13.75 19.625 2.875 13.625 16.125 26.5 30.75 8.0 15.25 11.5 29.75 27.125 15.375 13.5 13.25 13.875 9.5 3.5 7.375 27.0 12.0 30.625 0.875 13.5 9.125 23.875 22.625 15.0 22.0 15.875 1.75 24.0 24.875 10.25 19.875 26.375 13.875 2.5 18.5
17.375 6.5 5.375 20.5 11.75 25.875 2.5 0.625 2.625 28.625 2.75 28.25 11.125 19.125 12.5 13.375 3.0 22.375 27.625 1.125 11.125 25.375 10.125 31.375 8.5 5.125 20.375 22.125 9.625 7.875 3.125 8.875 24.625 10.625 19.75 14.5 24.25 29.75 1.375 18.5 27.5 7.0 2.875 4.5 14.25 30.625 27.125 4.5 14.875 6.25 13.625 29.375 12.875 31.75 5.75 4.25 5.0 8.0 2.25 12.625 30.375 1.375 4.875 15.0
2.625 16.5 3.0 12.875 24.375 11.125 10.625 26.25 3.375 8.25 31.375 16.25 0.75 4.375 20.5 8.75 18.875 5.375 22.0 11.25 14.75 12.625 17.125 1.5 0.875 28.5 11.5 27.75 7.375 16.625 25.125 13.0 2.125 5.875 4.375 21.375 13.125 29.625 27.75 23.0 5.875 2.0 7.5 26.875 10.0 31.875 16.125 6.375 21.0 19.375 1.375 10.625 19.25 24.125 23.375 18.5 0.375 29.75 25.125 9.375 30.75 7.625 4.375 0.0
12.75 8.875 25.875 31.75 8.0 26.25 27.625 28.875 7.0 4.5 0.0 12.125 15.75 5.75 22.375 30.0 18.0 31.375 16.125 9.25 16.25 22.75 8.5 5.375 19.25 26.375 19.0 4.625 22.625 22.5 23.375 10.25 28.75 20.5 17.375 29.0 4.0 21.25 9.875 15.0 24.0 30.125 0.125 3.375 2.25 3.125 2.75 0.5 20.625 18.25 6.0 10.25 2.75 12.625 8.75 29.0 16.125 19.375 6.625 16.5 6.875 12.5 1.0 11.375
5.0 27.5 16.875 6.75 6.75 20.375 30.125 25.5 17.25 26.125 1.875 2.25 15.0 18.375 4.125 26.5 5.375 25.625 31.875 31.125 3.375 31.75 10.75 3.875 28.875 28.625 4.75 30.5 13.25 18.25 24.5 17.0 29.0 25.75 4.75 26.0 17.0 17.625 21.25 4.0 14.875 11.0 7.125 21.875 5.875 18.625 22.125 15.875 7.75 3.25 1.75 18.625 1.75 5.625 1.625 15.25 17.875 24.625 9.625 18.75 17.25 23.125 9.625 19.75
11.125 15.25 29.5 19.625 11.25 1.375 4.125 11.125 14.25 30.125 6.75 23.625 12.625 30.5 16.0 17.75 9.75 5.625 13.25 29.125 14.75 31.5 10.25 18.875 26.375 31.625 7.125 10.75 13.125 19.875 2.25 10.125 28.5 1.75 1.875 26.875 19.625 19.25 20.625 18.625 12.25 5.75 18.25 1.75 18.625 13.0 10.625 2.75 9.125 8.75 30.5 30.75 20.25 5.25 11.625 11.625 19.0 16.625 29.625 8.375 24.625 13.875 1.625 26.125
3.75 13.875 2.5 0.25 20.0 14.125 5.25 8.625 23.875 2.5 18.375 8.875 10.875 3.0 24.375 7.625 3.125 11.75 3.75 29.625 10.5 23.375 30.0 11.625 28.0 4.5 26.375 8.875 5.375 6.125 28.25 7.625 2.125 26.25 26.125 22.625 23.875 4.75 2.25 25.375 14.75 7.0 1.875 12.875 11.875 9.875 26.875 29.5 19.25 21.625 6.375 23.875 20.25 3.5 1.375 17.0 15.125 31.625 8.75 11.875 6.25 3.125 1.25 1.0
0.375 6.625 19.375 30.875 12.5 13.0 3.5 18.75 10.75 19.25 13.625 3.25 9.625 17.375 13.625 11.375 5.625 16.5 19.5 11.625 3.625 16.125 14.125 9.5 1.5 21.375 31.75 20.0 0.875 15.75 8.5 27.5 28.625 20.125 2.875 29.25 15.125 16.25 2.125 24.125 31.625 6.125 25.375 10.0 13.5 16.125 8.75 31.0 31.375 21.0 7.875 14.25 28.75 14.875 10.875 18.5 29.125 23.875 0.875 3.25 25.75 13.75 23.125 0.625
14.875 19.125 20.375 4.375 24.875 20.875 31.375 6.5 22.375 25.875 7.25 29.5 21.75 15.0 3.5 13.0 25.375 28.875 17.5 25.875 21.875 9.375 14.5 4.125 9.375 8.125 2.375 18.375 26.375 16.625 4.875 14.5 16.875 18.875 5.5 25.375 25.875 15.5 11.5 21.0 1.125 8.5 10.5 23.25 19.25 13.875 21.75 17.75 3.25 23.75 15.25 27.0 16.875 25.625 31.375 0.5 25.0 3.25 3.625 11.875 23.75 5.375 1.125 5.75
20.0 4.0 24.875 16.625 23.0 1.125 23.0 24.375 5.25 11.125 27.75 21.5 14.5 16.125 2.75 27.375 8.0 4.5 15.875 4.5 19.25 30.125 29.75 7.5 23.75 20.25 24.875 27.375 4.625 29.625 16.25 31.375 30.75 31.75 0.375 29.375 5.75 4.5 19.75 1.125 29.5 17.0 2.125 20.75 17.0 18.625 25.0 18.75 5.75 12.5 25.75 6.75 21.125 31.875 7.375 17.125 20.75 22.875 17.375 30.75 11.5 3.25 24.125 25.5
6.75 13.625 10.75 30.25 26.875 21.875 6.75 13.875 5.125 4.5 13.125 2.875 19.125 31.125 0.375 15.875 25.125 9.625 12.625 19.625 18.0 2.75 12.75 31.25 12.625 3.875 24.375 13.125 5.125 6.125 14.125 21.25 22.75 6.5 26.875 12.625 6.625 18.75 4.25 14.0 16.75 21.25 3.0 4.125 5.375 10.75 0.5 22.25 11.75 20.5 16.125 9.75 29.875 29.125 8.75 30.75 29.125 12.875 5.625 10.125 18.25 22.625 1.625 10.75
7.25 12.375 31.0 20.75 20.375 31.25 6.375 0.375 28.875 20.5 0.125 18.125 17.25 27.0 3.0 20.875 19.125 20.5 25.875 13.0 13.875 8.75 15.0 24.125 2.125 31.75 11.5 17.125 26.25 10.125 17.75 6.875 11.875 2.625 22.125 16.0 31.875 16.5 16.375 6.75 31.625 10.25 9.25 27.875 21.5 26.5 26.125 12.875 29.125 7.0 14.875 27.75 10.125 29.75 22.75 3.5 4.25 11.25 5.75 5.625 15.25 10.5 27.0 4.0
12.125 25.125 27.75 6.125 25.875 8.125 17.75 21.625 26.5 15.0 9.5 12.875 8.875 24.625 26.875 8.5 31.375 31.375 25.625 26.375 23.125 7.75 16.875 9.0 8.75 9.5 6.0 25.125 20.5 2.75 6.875 7.875 4.25 9.125 10.375 30.125 6.25 27.0 20.875 20.75 17.875 29.25 24.0 15.125 31.25 22.125 26.875 20.5 24.0 11.875 0.875 13.5 21.0 9.5 20.875 24.375 23.875 27.125 16.0 29.875 16.0 26.625 5.875 0.125
29.875 15.625 27.625 0.25 27.875 13.75 17.25 17.625 1.125 22.25 9.125 16.75 19.5 14.5 6.625 9.25 30.125 23.25 13.375 0.875 30.625 1.75 28.125 11.375 19.5 21.0 10.125 10.0 24.125 7.625 30.875 27.0 8.625 16.125 24.875 10.625 5.625 20.25 2.5 4.875 6.125 12.375 27.625 5.875 12.625 11.375 9.875 5.75 24.625 24.75 17.75 10.75 21.0 12.375 7.625 25.0 5.125 10.75 11.875 28.5 13.25 15.875 14.125 23.75
5.875 26.125 9.75 7.625 2.125 13.875 1.375 10.0 2.25 7.0 31.25 12.625 29.875 1.75 21.125 20.75 14.75 18.75 18.0 1.0 26.875 21.0 3.125 29.625 21.5 0.375 22.5 23.375 10.375 4.625 15.0 10.875 12.25 17.875 14.875 21.875 9.625 3.625 30.125 6.75 15.875 13.0 14.5 31.375 13.0 19.25 3.875 27.875 15.5 20.0 29.0 21.625 1.0 0.375 18.125 25.625 20.625 12.0 31.125 16.625 14.75 21.375 3.75 1.375
6.125 31.625 11.5 29.625 20.75 1.375 8.125 7.125 26.875 16.625 5.625 18.375 18.625 13.625 1.5 2.25 16.875 2.125 8.375 19.25 24.625 2.5 7.75 15.5 6.125 0.75 24.375 24.75 17.0 9.0 15.375 6.0 25.25 20.75 17.875 27.625 9.125 7.25 25.5 22.25 16.125 16.75 18.375 13.0 13.375 31.5 10.375 13.0 2.375 27.0 7.5 8.25 8.125 5.5 3.5 22.0 19.375 25.125 23.0 31.375 6.0 16.125 4.375 12.375
19.0 17.625 23.375 30.5 20.5 0.0 29.875 24.0 15.875 25.5 10.75 28.25 9.625 12.5 20.75 18.125 10.375 25.375 30.375 19.75 21.625 2.25 17.75 26.375 16.0 12.75 12.125 8.625 13.125 16.25 5.75 12.5 10.25 1.875 27.375 22.25 10.375 24.375 0.0 22.5 4.75 10.25 26.125 7.75 19.0 8.625 31.625 26.875 25.875 24.125 12.375 13.5 25.125 22.75 9.5 9.125 10.625 1.125 12.125 0.25 4.125 28.0 6.125 21.875
3.5 29.5 18.0 18.375 3.75 2.0 23.5 3.5 20.25 28.125 13.875 23.125 8.75 20.25 30.75 27.5 20.75 26.625 12.25 23.875 23.0 29.875 16.375 21.25 15.375 21.625 13.875 8.0 20.625 20.5 26.5 8.875 1.375 26.375 8.5 31.375 28.5 17.125 2.125 5.625 22.25 2.25 28.0 18.5 2.125 29.25 2.5 29.625 0.125 11.5 16.5 10.125 17.375 18.75 9.75 11.25 13.625 31.25 12.25 0.5 17.25 6.75 11.5 31.25
22.25 25.875 29.625 2.75 15.5 0.5 22.5 0.625 0.25 27.0 17.0 0.25 6.625 9.5 11.0 6.125 4.625 24.5 20.75 28.0 13.375 30.125 19.25 11.625 12.125 15.25 21.125 31.625 3.125 2.0 13.5 24.0 0.625 21.25 10.75 27.0 1.125 17.875 23.0 3.25 10.875 10.375 16.625 7.5 5.75 20.0 3.375 9.375 10.0 23.875 3.0 19.25 2.25 30.75 19.5 1.875 19.375 0.625 3.875 29.875 15.375 5.0 27.375 19.75
28.5 22.875 26.75 12.75 31.375 0.375 18.375 12.625 31.25 15.625 23.25 17.25 21.75 10.0 26.375 5.5 26.75 22.5 0.0 8.0 31.625 10.125 14.25 22.625 18.875 22.625 10.25 20.375 10.0 31.875 28.875 18.25 29.75 4.125 18.25 2.125 20.625 30.625 15.5 7.0 13.75 0.0 29.625 2.75 22.75 28.0 26.25 8.625 6.625 8.625 30.875 10.75 31.875 26.75 10.0 17.0 30.625 30.75 18.125 20.875 18.875 19.25 22.0 14.375
8.0 10.125 28.0 21.5 30.625 18.625 5.125 8.875 19.0 31.375 18.0 15.25 9.75 1.75 27.375 11.75 20.875 2.875 7.75 2.625 23.25 15.625 30.375 0.5 23.125 12.25 22.375 4.0 23.375 18.75 22.25 17.75 22.625 2.125 22.125 4.5 21.75 17.625 16.375 26.0 30.625 25.25 7.625 1.625 16.875 14.0 15.125 3.125 11.25 23.375 27.25 25.125 16.875 17.5 8.25 5.625 8.5 19.75 14.75 28.125 27.25 18.875 12.25 5.0
25.5 22.75 19.75 6.125 9.625 1.5 14.875 22.5 12.75 29.0 26.125 10.125 23.5 28.0 12.0 9.75 31.25 20.25 15.75 23.5 26.0 10.875 2.125 17.875 13.25 6.875 4.75 9.375 7.25 13.375 15.25 23.25 24.375 15.375 3.875 12.875 8.0 16.5 28.25 19.0 18.75 0.875 15.25 28.0 22.75 15.0 0.875 25.0 9.25 13.5 4.375 22.0 3.625 18.125 5.0 5.0 14.0 27.125 24.5 14.75 17.75 8.375 21.5 19.5
20.625 7.0 8.5 19.625 14.375 12.5 26.0 24.625 1.625 14.5 3.25 31.875 6.125 14.875 11.625 17.875 17.875 11.5 5.625 8.75 5.125 14.0 15.25 9.0 2.0 20.75 28.75 16.125 26.875 16.375 13.625 16.625 4.625 10.5 15.625 8.125 4.75 8.25 22.0 3.625 13.625 16.0 11.75 12.875 20.875 18.875 3.625 26.0 1.5 1.125 31.875 5.75 18.25 10.875 20.875 15.25 10.0 9.125 15.25 1.75 6.875 22.75 4.0 25.625
22.625 13.25 30.875 8.5 0.25 16.75 13.125 31.0 22.625 6.625 31.375 20.5 30.375 6.125 2.5 22.75 24.375 25.25 1.75 25.75 25.125 10.75 5.625 5.75 21.5 30.0 14.0 18.375 15.25 22.75 22.75 24.875 31.875 4.0 16.75 23.25 12.125 29.5 13.125 31.875 11.375 28.0 26.25 5.375 29.0 5.875 21.125 3.125 24.75 5.0 10.375 29.875 11.75 8.875 26.375 22.75 6.25 19.875 19.625 14.375 26.75 7.875 24.5 29.875
26.125 20.875 31.125 19.5 26.375 21.0 9.875 21.25 7.375 10.75 19.5 17.375 7.75 8.125 25.125 5.375 3.0 23.75 28.375 12.75 31.5 1.375 18.5 20.25 21.5 27.625 14.25 28.375 7.75 4.0 12.125 23.125 5.125 14.75 24.375 8.25 4.25 4.25 23.875 8.625 20.75 2.75 21.375 31.75 24.625 2.5 15.875 13.5 18.125 0.5 30.875 30.75 26.75 14.125 21.875 20.875 27.5 26.75 20.125 2.375 18.5 30.0 30.625 14.25
4.25 15.625 24.75 21.0 9.375 4.875 28.25 25.875 20.375 13.0 5.125 19.125 21.375 1.875 22.25 6.375 10.125 14.875 6.75 30.625 20.875 9.375 22.125 26.25 26.375 8.5 0.125 16.25 8.375 9.25 3.0 31.625 21.875 18.375 11.5 25.375 22.5 15.375 18.25 24.75 21.75 22.25 0.625 5.375 4.125 29.625 3.125 29.125 17.5 6.125 13.375 16.75 21.125 13.625 26.375 29.5 8.0 12.875 31.375 29.625 28.375 18.75 11.875 10.375
